100
513 513 512
728 708 727
868 517 872
931 609 59
590 469 5
922 23 904
5 1 1
133 740 2
393 725 115
1 5 1
741 704 800
493 474 75
4 3 3
236 392 435
986 472 364
684 396 786
1 1 1000
661 862 700
1 3 1
823 30 25
859 138 552
513 513 257
823 814 685
512 512 1
2 5 1
905 204 42
542 327 193
1 1 1
272 382 451
653 8 7
885 925 672
5 2 1
897 799 500
985 975 984
925 229 91
3 4 2
2 1 2
958 645 311
4 5 2
7 781 1
71 266 66
5 2 1
45 56 35
689 904 978
481 110 851
973 982 982
581 462 753
192 125 64
993 994 1000
402 115 10
979 798 958
745 807 907
513 513 1
227 37 34
1000 1000 1
1 5 5
103 143 88
513 513 256
512 512 2
257 952 125
961 572 598
5 2 2
160 440 163
754 799 191
179 393 576
4 4 4
5 1 1
205 342 448
138 967 2
581 626 67
512 512 513
837 111 47
5 3 2
953 813 706
325 354 608
3 1 1
803 265 143
5 3 3
672 856 441
512 512 257
454 358 313
965 289 152
13 806 1
5 4 4
678 361 346
32 282 1
5 3 3
3 4 2
690 261 65
171 503 90
695 676 79
196 876 165
3 4 3
513 513 2
43 453 462
512 512 256
7 8 5
1 2 4
644 497 765
592 721 843
